Algorithm: Lloyds

CLUSTER-1
- size 1901
- [48.315098, 21.469753, 7.698054, 5.782746, 7.881115, 7.483956, 8.443451, 18.812731, 60.992634, 53.353497, 42.025776, 20.979485, 8.462388, 4.416623, 4.600210, 16.872698, 17.314571, 30.056286, 48.489216, 43.576012, 22.614939, 7.936875, 4.278800, 6.461336, 10.810626, 12.193583, 16.723303, 22.560232, 20.291952, 10.645450, 5.969490, 6.716465, 95.617569, 26.460810, 6.544450, 6.509732, 11.162020, 13.356654, 14.524461, 37.449764, 115.010521, 61.285641, 29.387165, 13.437139, 5.953183, 5.351394, 8.132036, 41.325092, 15.833772, 21.287218, 38.593372, 50.312466, 50.168331, 35.290375, 15.071015, 7.397160, 13.008416, 8.983693, 13.469752, 34.028404, 53.119411, 40.812202, 21.026829, 11.059968, 86.243027, 14.477118, 6.131510, 7.682272, 13.283535, 15.962651, 17.397160, 50.371910, 106.829567, 13.533930, 2.253551, 1.907943, 4.672804, 35.031036, 90.005257, 104.566544, 10.256181, 3.146765, 2.986849, 9.222514, 38.007889, 109.693321, 109.580223, 28.253551, 18.317202, 8.207786, 5.003156, 10.983167, 38.003681, 73.315094, 59.814308, 22.889006, 21.408731, 8.170962, 6.605471, 7.626513, 12.310889, 13.031036, 13.850605, 20.791689, 24.089952, 6.746449, 5.564966, 6.588111, 10.991057, 39.397160, 84.608627, 54.832195, 16.520779, 9.518675, 6.015255, 5.007365, 9.679116, 60.002106, 85.196213, 26.500263, 22.400841, 11.566018, 5.758022, 4.110994, 7.377696, 21.670174, 28.755919, 18.457129]

CLUSTER-2
- size 2506
- [22.556265, 22.930567, 21.022745, 16.724262, 11.394652, 6.416201, 5.821229, 9.288507, 22.987230, 50.146049, 83.898247, 41.980049, 12.053871, 6.592578, 6.602554, 8.699921, 24.033121, 36.175976, 79.199524, 50.043098, 12.956903, 5.426177, 6.966879, 12.873104, 25.083000, 22.909018, 28.773743, 19.754190, 9.296489, 5.003592, 5.898244, 13.205506, 85.989624, 45.791302, 21.870710, 15.185156, 11.104948, 7.707103, 8.826816, 29.432562, 94.453712, 89.578209, 94.686752, 36.901836, 6.078212, 3.000399, 3.910614, 25.954109, 13.239824, 34.508778, 101.256187, 94.289703, 43.851158, 13.948922, 4.330008, 4.857143, 22.723864, 24.418596, 49.042698, 55.973663, 37.500797, 15.252594, 7.549481, 11.321628, 91.782120, 23.535515, 12.087790, 13.395052, 11.654031, 9.536712, 11.569035, 42.950119, 110.114525, 26.677574, 8.495212, 5.714685, 7.894653, 17.971270, 29.998005, 82.718674, 17.640463, 6.590184, 12.950918, 30.342777, 56.976456, 62.201118, 38.782124, 22.826817, 17.796089, 10.429769, 15.324421, 30.911413, 46.943336, 38.102951, 18.397047, 15.032722, 44.474461, 14.149241, 9.361932, 10.051875, 9.537909, 6.891061, 8.442538, 24.108938, 70.340385, 14.786911, 5.857542, 6.837590, 10.821229, 22.702713, 37.320831, 62.342377, 20.039106, 6.407821, 5.088986, 9.899840, 28.810854, 50.180767, 41.675579, 28.376696, 14.171588, 7.060256, 5.818835, 10.654828, 19.381084, 20.425777, 15.099761, 13.696728]

CLUSTER-3
- size 695
- [46.562592, 15.817266, 7.689209, 10.010072, 10.168345, 8.233093, 9.021583, 26.000000, 59.076260, 41.998562, 46.759712, 39.208633, 17.525179, 6.397122, 5.526618, 21.909353, 20.348202, 28.729496, 56.336689, 53.310791, 26.589928, 10.024461, 5.873381, 10.988489, 18.761150, 20.142447, 31.122303, 22.994246, 9.658993, 5.697842, 4.753957, 11.574100, 84.812950, 34.375538, 16.587049, 19.766907, 16.647482, 11.139568, 9.769784, 32.635971, 112.166908, 67.884895, 43.450359, 27.907913, 9.874820, 4.559712, 6.077698, 40.735252, 19.764029, 29.784172, 72.070503, 72.447479, 32.628777, 14.807195, 11.669065, 10.070503, 18.063309, 24.490648, 50.017265, 46.090649, 21.366907, 11.709352, 10.625899, 12.353957, 79.033096, 36.538128, 23.532373, 20.482014, 15.605756, 12.693525, 12.067626, 32.356834, 103.982735, 35.158272, 10.741007, 7.604317, 9.582734, 36.279137, 57.971222, 74.271942, 19.558273, 6.503597, 10.178417, 17.997122, 28.614389, 70.316544, 92.184174, 46.027340, 21.932375, 9.087770, 12.585611, 18.976978, 23.135252, 37.425900, 53.784172, 37.496403, 31.437410, 14.469065, 9.571223, 10.569784, 13.647482, 15.736691, 18.125179, 24.306475, 34.736691, 10.444604, 7.238849, 10.871943, 22.497841, 51.792805, 65.388489, 48.341007, 22.412951, 7.513669, 6.582734, 8.251799, 